1
1000 200
11 11 11 11 11 11 11 11 11 11
11 11 11 11 11 11 11 11 11 11
11 11 11 11 11 11 11 11 11 11
11 11 11 11 11 11 11 11 11 11
11 11 11 11 11 11 11 11 11 11
11 11 11 11 11 11 11 11 11 11
11 11 11 11 11 11 11 11 11 11
11 11 11 11 11 11 11 11 11 11
11 11 11 11 11 11 11 11 11 11
11 11 11 11 11 11 11 11 11 11
11 11 11 11 11 11 11 11 11 11
11 11 11 11 11 11 11 11 11 11
11 11 11 11 11 11 11 11 11 11
11 11 11 11 11 11 11 11 11 11
11 11 11 11 11 11 11 11 11 11
11 11 11 11 11 11 11 11 11 11
11 11 11 11 11 11 11 11 11 11
11 11 11 11 11 11 11 11 11 11
11 11 11 11 11 11 11 11 11 11
11 11 11 11 11 11 11 11 11 11
11 11 11 11 11 11 11 11 11 11
11 11 11 11 11 11 11 11 11 11
11 11 11 11 11 11 11 11 11 11
11 11 11 11 11 11 11 11 11 11
11 11 11 11 11 11 11 11 11 11
11 11 11 11 11 11 11 11 11 11
11 11 11 11 11 11 11 11 11 11
11 11 11 11 11 11 11 11 11 11
11 11 11 11 11 11 11 11 11 11
11 11 11 11 11 11 11 11 11 11
11 11 11 11 11 11 11 11 11 11
11 11 11 11 11 11 11 11 11 11
11 11 11 11 11 11 11 11 11 11
11 11 11 11 11 11 11 11 11 11
11 11 11 11 11 11 11 11 11 11
11 11 11 11 11 11 11 11 11 11
11 11 11 11 11 11 11 11 11 11
11 11 11 11 11 11 11 11 11 11
11 11 11 11 11 11 11 11 11 11
11 11 11 11 11 11 11 11 11 11
11 11 11 11 11 11 11 11 11 11
11 11 11 11 11 11 11 11 11 11
11 11 11 11 11 11 11 11 11 11
11 11 11 11 11 11 11 11 11 11
11 11 11 11 11 11 11 11 11 11
11 11 11 11 11 11 11 11 11 11
11 11 11 11 11 11 11 11 11 11
11 11 11 11 11 11 11 11 11 11
11 11 11 11 11 11 11 11 11 11
11 11 11 11 11 11 11 11 11 11
11 11 11 11 11 11 11 11 11 11
11 11 11 11 11 11 11 11 11 11
11 11 11 11 11 11 11 11 11 11
11 11 11 11 11 11 11 11 11 11
11 11 11 11 11 11 11 11 11 11
11 11 11 11 11 11 11 11 11 11
11 11 11 11 11 11 11 11 11 11
11 11 11 11 11 11 11 11 11 11
11 11 11 11 11 11 11 11 11 11
11 11 11 11 11 11 11 11 11 11
11 11 11 11 11 11 11 11 11 11
11 11 11 11 11 11 11 11 11 11
11 11 11 11 11 11 11 11 11 11
11 11 11 11 11 11 11 11 11 11
11 11 11 11 11 11 11 11 11 11
11 11 11 11 11 11 11 11 11 11
11 11 11 11 11 11 11 11 11 11
11 11 11 11 11 11 11 11 11 11
11 11 11 11 11 11 11 11 11 11
11 11 11 11 11 11 11 11 11 11
11 11 11 11 11 11 11 11 11 11
11 11 11 11 11 11 11 11 11 11
11 11 11 11 11 11 11 11 11 11
11 11 11 11 11 11 11 11 11 11
11 11 11 11 11 11 11 11 11 11
11 11 11 11 11 11 11 11 11 11
11 11 11 11 11 11 11 11 11 11
11 11 11 11 11 11 11 11 11 11
11 11 11 11 11 11 11 11 11 11
11 11 11 11 11 11 11 11 11 11
11 11 11 11 11 11 11 11 11 11
11 11 11 11 11 11 11 11 11 11
11 11 11 11 11 11 11 11 11 11
11 11 11 11 11 11 11 11 11 11
11 11 11 11 11 11 11 11 11 11
11 11 11 11 11 11 11 11 11 11
11 11 11 11 11 11 11 11 11 11
11 11 11 11 11 11 11 11 11 11
11 11 11 11 11 11 11 11 11 11
11 11 11 11 11 11 11 11 11 11
11 11 11 11 11 11 11 11 11 11
11 11 11 11 11 11 11 11 11 11
11 11 11 11 11 11 11 11 11 11
11 11 11 11 11 11 11 11 11 11
11 11 11 11 11 11 11 11 11 11
11 11 11 11 11 11 11 11 11 11
11 11 11 11 11 11 11 11 11 11
11 11 11 11 11 11 11 11 11 11
11 11 11 11 11 11 11 11 11 11
11 11 11 11 11 11 11 11 11 11